2022 1 1 0 01 00 0 21 .01 200 0 19 .01 .01 
2022 1 1 1 01 00 0 21 .01 200 0
2022 1 1 2 01 00 0 21 .01 200 0
2022 1 1 3 01 00 0 21 .01 200 0
2022 1 1 4 01 00 0 21 .01 200 0
2022 1 1 5 01 00 0 21 .01 200 0
2022 1 1 6 01 00 0 21 .01 200 0
2022 1 1 7 01 00 0 21 .01 200 0
2022 1 1 8 01 00 0 21 .01 200 0
2022 1 1 9 01 00 0 21 .01 200 0
2022 1 1 10 01 00 0 21 .01 200 0
2022 1 1 11 01 00 0 21 .01 200 0
2022 1 1 12 01 00 0 21 .01 200 0
2022 1 1 13 01 00 0 21 .01 200 0
2022 1 1 14 01 00 0 21 .01 200 0
2022 1 1 15 01 00 0 21 .01 200 0
2022 1 1 16 01 00 0 21 .01 200 0
2022 1 1 17 01 00 0 21 .01 200 0
2022 1 1 18 01 00 0 21 .01 200 0
2022 1 1 19 01 00 0 21 .01 200 0
2022 1 1 20 01 00 0 21 .01 200 0
2022 1 1 21 01 00 0 21 .01 200 0
2022 1 1 22 01 00 0 21 .01 200 0
2022 1 1 23 01 00 0 21 .01 200 0
2022 1 2 0 01 00 0 21 .01 200 0
2022 1 2 1 01 00 0 21 .01 200 0
2022 1 2 2 01 00 0 21 .01 200 0
2022 1 2 3 01 00 0 21 .01 200 0
2022 1 2 4 01 00 0 21 .01 200 0
2022 1 2 5 01 00 0 21 .01 200 0
2022 1 2 6 01 00 0 21 .01 200 0
2022 1 2 7 01 00 0 21 .01 200 0
2022 1 2 8 01 00 0 21 .01 200 0
2022 1 2 9 01 00 0 21 .01 200 0
2022 1 2 10 01 00 0 21 .01 200 0
2022 1 2 11 01 00 0 21 .01 200 0
2022 1 2 12 01 00 0 21 .01 200 0
2022 1 2 13 01 00 0 21 .01 200 0
2022 1 2 14 01 00 0 21 .01 200 0
2022 1 2 15 01 00 0 21 .01 200 0
2022 1 2 16 01 00 0 21 .01 200 0
2022 1 2 17 01 00 0 21 .01 200 0
2022 1 2 18 01 00 0 21 .01 200 0
2022 1 2 19 01 00 0 21 .01 200 0
2022 1 2 20 01 00 0 21 .01 200 0
2022 1 2 21 01 00 0 21 .01 200 0
2022 1 2 22 01 00 0 21 .01 200 0
2022 1 2 23 01 00 0 21 .01 200 0
2022 1 3 0 01 00 0 21 .01 200 0
2022 1 3 1 01 00 0 21 .01 200 0
2022 1 3 2 01 00 0 21 .01 200 0
2022 1 3 3 01 00 0 21 .01 200 0
2022 1 3 4 01 00 0 21 .01 200 0
2022 1 3 5 01 00 0 21 .01 200 0
2022 1 3 6 01 00 0 21 .01 200 0
2022 1 3 7 01 00 0 21 .01 200 0
2022 1 3 8 01 00 0 21 .01 200 0
2022 1 3 9 01 00 0 21 .01 200 0
2022 1 3 10 01 00 0 21 .01 200 0
2022 1 3 11 01 00 0 21 .01 200 0
2022 1 3 12 01 00 0 21 .01 200 0
2022 1 3 13 01 00 0 21 .01 200 0
2022 1 3 14 01 00 0 21 .01 200 0
2022 1 3 15 01 00 0 21 .01 200 0
2022 1 3 16 01 00 0 21 .01 200 0
2022 1 3 17 01 00 0 21 .01 200 0
2022 1 3 18 01 00 0 21 .01 200 0
2022 1 3 19 01 00 0 21 .01 200 0
2022 1 3 20 01 00 0 21 .01 200 0
2022 1 3 21 01 00 0 21 .01 200 0
2022 1 3 22 01 00 0 21 .01 200 0
2022 1 3 23 01 00 0 21 .01 200 0
2022 1 4 0 01 00 0 21 .01 200 0
2022 1 4 1 01 00 0 21 .01 200 0
2022 1 4 2 01 00 0 21 .01 200 0
2022 1 4 3 01 00 0 21 .01 200 0
2022 1 4 4 01 00 0 21 .01 200 0
2022 1 4 5 01 00 0 21 .01 200 0
2022 1 4 6 01 00 0 21 .01 200 0
2022 1 4 7 01 00 0 21 .01 200 0
2022 1 4 8 01 00 0 21 .01 200 0
2022 1 4 9 01 00 0 21 .01 200 0
2022 1 4 10 01 00 0 21 .01 200 0
2022 1 4 11 01 00 0 21 .01 200 0
2022 1 4 12 01 00 0 21 .01 200 0
2022 1 4 13 01 00 0 21 .01 200 0
2022 1 4 14 01 00 0 21 .01 200 0
2022 1 4 15 01 00 0 21 .01 200 0
2022 1 4 16 01 00 0 21 .01 200 0
2022 1 4 17 01 00 0 21 .01 200 0
2022 1 4 18 01 00 0 21 .01 200 0
2022 1 4 19 01 00 0 21 .01 200 0
2022 1 4 20 01 00 0 21 .01 200 0
2022 1 4 21 01 00 0 21 .01 200 0
2022 1 4 22 01 00 0 21 .01 200 0
2022 1 4 23 01 00 0 21 .01 200 0
2022 1 5 0 01 00 0 21 .01 200 0
2022 1 5 1 01 00 0 21 .01 200 0
2022 1 5 2 01 00 0 21 .01 200 0
2022 1 5 3 01 00 0 21 .01 200 0
2022 1 5 4 01 00 0 21 .01 200 0
2022 1 5 5 01 00 0 21 .01 200 0
2022 1 5 6 01 00 0 21 .01 200 0
2022 1 5 7 01 00 0 21 .01 200 0
2022 1 5 8 01 00 0 21 .01 200 0
2022 1 5 9 01 00 0 21 .01 200 0
2022 1 5 10 01 00 0 21 .01 200 0
2022 1 5 11 01 00 0 21 .01 200 0
2022 1 5 12 01 00 0 21 .01 200 0
2022 1 5 13 01 00 0 21 .01 200 0
2022 1 5 14 01 00 0 21 .01 200 0
2022 1 5 15 01 00 0 21 .01 200 0
2022 1 5 16 01 00 0 21 .01 200 0
2022 1 5 17 01 00 0 21 .01 200 0
2022 1 5 18 01 00 0 21 .01 200 0
2022 1 5 19 01 00 0 21 .01 200 0
2022 1 5 20 01 00 0 21 .01 200 0
2022 1 5 21 01 00 0 21 .01 200 0
2022 1 5 22 01 00 0 21 .01 200 0
2022 1 5 23 01 00 0 21 .01 200 0
2022 1 6 0 01 00 0 21 .01 200 0
2022 1 6 1 01 00 0 21 .01 200 0
2022 1 6 2 01 00 0 21 .01 200 0
2022 1 6 3 01 00 0 21 .01 200 0
2022 1 6 4 01 00 0 21 .01 200 0
2022 1 6 5 01 00 0 21 .01 200 0
2022 1 6 6 01 00 0 21 .01 200 0
2022 1 6 7 01 00 0 21 .01 200 0
2022 1 6 8 01 00 0 21 .01 200 0
2022 1 6 9 01 00 0 21 .01 200 0
2022 1 6 10 01 00 0 21 .01 200 0
2022 1 6 11 01 00 0 21 .01 200 0
2022 1 6 12 01 00 0 21 .01 200 0
2022 1 6 13 01 00 0 21 .01 200 0
2022 1 6 14 01 00 0 21 .01 200 0
2022 1 6 15 01 00 0 21 .01 200 0
2022 1 6 16 01 00 0 21 .01 200 0
2022 1 6 17 01 00 0 21 .01 200 0
2022 1 6 18 01 00 0 21 .01 200 0
2022 1 6 19 01 00 0 21 .01 200 0
2022 1 6 20 01 00 0 21 .01 200 0
2022 1 6 21 01 00 0 21 .01 200 0
2022 1 6 22 01 00 0 21 .01 200 0
2022 1 6 23 01 00 0 21 .01 200 0
2022 1 7 0 01 00 0 21 .01 200 0
2022 1 7 1 01 00 0 21 .01 200 0
2022 1 7 2 01 00 0 21 .01 200 0
2022 1 7 3 01 00 0 21 .01 200 0
2022 1 7 4 01 00 0 21 .01 200 0
2022 1 7 5 01 00 0 21 .01 200 0
2022 1 7 6 01 00 0 21 .01 200 0
2022 1 7 7 01 00 0 21 .01 200 0
2022 1 7 8 01 00 0 21 .01 200 0
2022 1 7 9 01 00 0 21 .01 200 0
2022 1 7 10 01 00 0 21 .01 200 0
2022 1 7 11 01 00 0 21 .01 200 0
2022 1 7 12 01 00 0 21 .01 200 0
2022 1 7 13 01 00 0 21 .01 200 0
2022 1 7 14 01 00 0 21 .01 200 0
2022 1 7 15 01 00 0 21 .01 200 0
2022 1 7 16 01 00 0 21 .01 200 0
2022 1 7 17 01 00 0 21 .01 200 0
2022 1 7 18 01 00 0 21 .01 200 0
2022 1 7 19 01 00 0 21 .01 200 0
2022 1 7 20 01 00 0 21 .01 200 0
2022 1 7 21 01 00 0 21 .01 200 0
2022 1 7 22 01 00 0 21 .01 200 0
2022 1 7 23 01 00 0 21 .01 200 0
2022 1 8 0 01 00 0 21 .01 200 0
2022 1 8 1 01 00 0 21 .01 200 0
2022 1 8 2 01 00 0 21 .01 200 0
2022 1 8 3 01 00 0 21 .01 200 0
2022 1 8 4 01 00 0 21 .01 200 0
2022 1 8 5 01 00 0 21 .01 200 0
2022 1 8 6 01 00 0 21 .01 200 0
2022 1 8 7 01 00 0 21 .01 200 0
2022 1 8 8 01 00 0 21 .01 200 0
2022 1 8 9 01 00 0 21 .01 200 0
2022 1 8 10 01 00 0 21 .01 200 0
2022 1 8 11 01 00 0 21 .01 200 0
2022 1 8 12 01 00 0 21 .01 200 0
2022 1 8 13 01 00 0 21 .01 200 0
2022 1 8 14 01 00 0 21 .01 200 0
2022 1 8 15 01 00 0 21 .01 200 0
2022 1 8 16 01 00 0 21 .01 200 0
2022 1 8 17 01 00 0 21 .01 200 0
2022 1 8 18 01 00 0 21 .01 200 0
2022 1 8 19 01 00 0 21 .01 200 0
2022 1 8 20 01 00 0 21 .01 200 0
2022 1 8 21 01 00 0 21 .01 200 0
2022 1 8 22 01 00 0 21 .01 200 0
2022 1 8 23 01 00 0 21 .01 200 0
2022 1 9 0 01 00 0 21 .01 200 0
2022 1 9 1 01 00 0 21 .01 200 0
2022 1 9 2 01 00 0 21 .01 200 0
2022 1 9 3 01 00 0 21 .01 200 0
2022 1 9 4 01 00 0 21 .01 200 0
2022 1 9 5 01 00 0 21 .01 200 0
2022 1 9 6 01 00 0 21 .01 200 0
2022 1 9 7 01 00 0 21 .01 200 0
2022 1 9 8 01 00 0 21 .01 200 0
2022 1 9 9 01 00 0 21 .01 200 0
2022 1 9 10 01 00 0 21 .01 200 0
2022 1 9 11 01 00 0 21 .01 200 0
2022 1 9 12 01 00 0 21 .01 200 0
2022 1 9 13 01 00 0 21 .01 200 0
2022 1 9 14 01 00 0 21 .01 200 0
2022 1 9 15 01 00 0 21 .01 200 0
2022 1 9 16 01 00 0 21 .01 200 0
2022 1 9 17 01 00 0 21 .01 200 0
2022 1 9 18 01 00 0 21 .01 200 0
2022 1 9 19 01 00 0 21 .01 200 0
2022 1 9 20 01 00 0 21 .01 200 0
2022 1 9 21 01 00 0 21 .01 200 0
2022 1 9 22 01 00 0 21 .01 200 0
2022 1 9 23 01 00 0 21 .01 200 0
2022 1 10 0 01 00 0 21 .01 200 0
2022 1 10 1 01 00 0 21 .01 200 0
2022 1 10 2 01 00 0 21 .01 200 0
2022 1 10 3 01 00 0 21 .01 200 0
2022 1 10 4 01 00 0 21 .01 200 0
2022 1 10 5 01 00 0 21 .01 200 0
2022 1 10 6 01 00 0 21 .01 200 0
2022 1 10 7 01 00 0 21 .01 200 0
2022 1 10 8 01 00 0 21 .01 200 0
2022 1 10 9 01 00 0 21 .01 200 0
2022 1 10 10 01 00 0 21 .01 200 0
2022 1 10 11 01 00 0 21 .01 200 0
2022 1 10 12 01 00 0 21 .01 200 0
2022 1 10 13 01 00 0 21 .01 200 0
2022 1 10 14 01 00 0 21 .01 200 0
2022 1 10 15 01 00 0 21 .01 200 0
2022 1 10 16 01 00 0 21 .01 200 0
2022 1 10 17 01 00 0 21 .01 200 0
2022 1 10 18 01 00 0 21 .01 200 0
2022 1 10 19 01 00 0 21 .01 200 0
2022 1 10 20 01 00 0 21 .01 200 0
2022 1 10 21 01 00 0 21 .01 200 0
2022 1 10 22 01 00 0 21 .01 200 0
2022 1 10 23 01 00 0 21 .01 200 0
2022 1 11 0 01 00 0 21 .01 200 0
2022 1 11 1 01 00 0 21 .01 200 0
2022 1 11 2 01 00 0 21 .01 200 0
2022 1 11 3 01 00 0 21 .01 200 0
2022 1 11 4 01 00 0 21 .01 200 0
2022 1 11 5 01 00 0 21 .01 200 0
2022 1 11 6 01 00 0 21 .01 200 0
2022 1 11 7 01 00 0 21 .01 200 0
2022 1 11 8 01 00 0 21 .01 200 0
2022 1 11 9 01 00 0 21 .01 200 0
2022 1 11 10 01 00 0 21 .01 200 0
2022 1 11 11 01 00 0 21 .01 200 0
2022 1 11 12 01 00 0 21 .01 200 0
2022 1 11 13 01 00 0 21 .01 200 0
2022 1 11 14 01 00 0 21 .01 200 0
2022 1 11 15 01 00 0 21 .01 200 0
2022 1 11 16 01 00 0 21 .01 200 0
2022 1 11 17 01 00 0 21 .01 200 0
2022 1 11 18 01 00 0 21 .01 200 0
2022 1 11 19 01 00 0 21 .01 200 0
2022 1 11 20 01 00 0 21 .01 200 0
2022 1 11 21 01 00 0 21 .01 200 0
2022 1 11 22 01 00 0 21 .01 200 0
2022 1 11 23 01 00 0 21 .01 200 0
2022 1 12 0 01 00 0 21 .01 200 0
2022 1 12 1 01 00 0 21 .01 200 0
2022 1 12 2 01 00 0 21 .01 200 0
2022 1 12 3 01 00 0 21 .01 200 0
2022 1 12 4 01 00 0 21 .01 200 0
2022 1 12 5 01 00 0 21 .01 200 0
2022 1 12 6 01 00 0 21 .01 200 0
2022 1 12 7 01 00 0 21 .01 200 0
2022 1 12 8 01 00 0 21 .01 200 0
2022 1 12 9 01 00 0 21 .01 200 0
2022 1 12 10 01 00 0 21 .01 200 0
2022 1 12 11 01 00 0 21 .01 200 0
2022 1 12 12 01 00 0 21 .01 200 0
2022 1 12 13 01 00 0 21 .01 200 0
2022 1 12 14 01 00 0 21 .01 200 0
2022 1 12 15 01 00 0 21 .01 200 0
2022 1 12 16 01 00 0 21 .01 200 0
2022 1 12 17 01 00 0 21 .01 200 0
2022 1 12 18 01 00 0 21 .01 200 0
2022 1 12 19 01 00 0 21 .01 200 0
2022 1 12 20 01 00 0 21 .01 200 0
2022 1 12 21 01 00 0 21 .01 200 0
2022 1 12 22 01 00 0 21 .01 200 0
2022 1 12 23 01 00 0 21 .01 200 0
2022 1 13 0 01 00 0 21 .01 200 0
2022 1 13 1 01 00 0 21 .01 200 0
2022 1 13 2 01 00 0 21 .01 200 0
2022 1 13 3 01 00 0 21 .01 200 0
2022 1 13 4 01 00 0 21 .01 200 0
2022 1 13 5 01 00 0 21 .01 200 0
2022 1 13 6 01 00 0 21 .01 200 0
2022 1 13 7 01 00 0 21 .01 200 0
2022 1 13 8 01 00 0 21 .01 200 0
2022 1 13 9 01 00 0 21 .01 200 0
2022 1 13 10 01 00 0 21 .01 200 0
2022 1 13 11 01 00 0 21 .01 200 0
2022 1 13 12 01 00 0 21 .01 200 0
2022 1 13 13 01 00 0 21 .01 200 0
2022 1 13 14 01 00 0 21 .01 200 0
2022 1 13 15 01 00 0 21 .01 200 0
2022 1 13 16 01 00 0 21 .01 200 0
2022 1 13 17 01 00 0 21 .01 200 0
2022 1 13 18 01 00 0 21 .01 200 0
2022 1 13 19 01 00 0 21 .01 200 0
2022 1 13 20 01 00 0 21 .01 200 0
2022 1 13 21 01 00 0 21 .01 200 0
2022 1 13 22 01 00 0 21 .01 200 0
2022 1 13 23 01 00 0 21 .01 200 0
2022 1 14 0 01 00 0 21 .01 200 0
2022 1 14 1 01 00 0 21 .01 200 0
2022 1 14 2 01 00 0 21 .01 200 0
2022 1 14 3 01 00 0 21 .01 200 0
2022 1 14 4 01 00 0 21 .01 200 0
2022 1 14 5 01 00 0 21 .01 200 0
2022 1 14 6 01 00 0 21 .01 200 0
2022 1 14 7 01 00 0 21 .01 200 0
2022 1 14 8 01 00 0 21 .01 200 0
2022 1 14 9 01 00 0 21 .01 200 0
2022 1 14 10 01 00 0 21 .01 200 0
2022 1 14 11 01 00 0 21 .01 200 0
2022 1 14 12 01 00 0 21 .01 200 0
2022 1 14 13 01 00 0 21 .01 200 0
2022 1 14 14 01 00 0 21 .01 200 0
2022 1 14 15 01 00 0 21 .01 200 0
2022 1 14 16 01 00 0 21 .01 200 0
2022 1 14 17 01 00 0 21 .01 200 0
2022 1 14 18 01 00 0 21 .01 200 0
2022 1 14 19 01 00 0 21 .01 200 0
2022 1 14 20 01 00 0 21 .01 200 0
2022 1 14 21 01 00 0 21 .01 200 0
2022 1 14 22 01 00 0 21 .01 200 0
2022 1 14 23 01 00 0 21 .01 200 0
2022 1 15 0 01 00 0 21 .9 200 0
2022 1 15 1 01 00 0 21 .9 200 1
2022 1 15 2 01 00 0 21 .9 200 2
2022 1 15 3 01 00 0 21 .9 200 3
2022 1 15 4 01 00 0 21 .9 200 4
2022 1 15 5 01 00 0 21 .9 200 5
2022 1 15 6 01 00 0 21 .9 200 6
2022 1 15 7 01 00 0 21 .9 200 7
2022 1 15 8 01 00 0 21 .9 200 8
2022 1 15 9 01 00 0 21 .9 200 9
2022 1 15 10 01 00 0 21 .9 200 10
2022 1 15 11 01 00 0 21 .9 200 11
2022 1 15 12 01 00 0 21 .9 200 12
2022 1 15 13 01 00 0 21 .9 200 13
2022 1 15 14 01 00 0 21 .9 200 14
2022 1 15 15 01 00 0 21 .9 200 15
2022 1 15 16 01 00 0 21 .9 200 16
2022 1 15 17 01 00 0 21 .9 200 17
2022 1 15 18 01 00 0 21 .9 200 18
2022 1 15 19 01 00 0 21 .9 200 19
2022 1 15 20 01 00 0 21 .9 200 20
2022 1 15 21 01 00 0 21 .9 200 21
2022 1 15 22 01 00 0 21 .9 200 22
2022 1 15 23 01 00 0 21 .9 200 23
2022 1 16 0 01 00 0 21 .9 200 24
2022 1 16 1 01 00 0 21 .9 200 25
2022 1 16 2 01 00 0 21 .9 200 26
2022 1 16 3 01 00 0 21 .9 200 27
2022 1 16 4 01 00 0 21 .9 200 28
2022 1 16 5 01 00 0 21 .9 200 29
2022 1 16 6 01 00 0 21 .9 200 30
2022 1 16 7 01 00 0 21 .9 200 31
2022 1 16 8 01 00 0 21 .9 200 32
2022 1 16 9 01 00 0 21 .9 200 33
2022 1 16 10 01 00 0 21 .9 200 34
2022 1 16 11 01 00 0 21 .9 200 35
2022 1 16 12 01 00 0 21 .9 200 36
2022 1 16 13 01 00 0 21 .9 200 37
2022 1 16 14 01 00 0 21 .9 200 38
2022 1 16 15 01 00 0 21 .9 200 39
2022 1 16 16 01 00 0 21 .9 200 40
2022 1 16 17 01 00 0 21 .9 200 41
2022 1 16 18 01 00 0 21 .9 200 42
2022 1 16 19 01 00 0 21 .9 200 43
2022 1 16 20 01 00 0 21 .9 200 44
2022 1 16 21 01 00 0 21 .9 200 45
2022 1 16 22 01 00 0 21 .9 200 46
2022 1 16 23 01 00 0 21 .9 200 47
2022 1 17 0 01 00 0 21 .9 200 48
2022 1 17 1 01 00 0 21 .9 200 49
2022 1 17 2 01 00 0 21 .9 200 50
2022 1 17 3 01 00 0 21 .9 200 51
2022 1 17 4 01 00 0 21 .9 200 52
2022 1 17 5 01 00 0 21 .9 200 53
2022 1 17 6 01 00 0 21 .9 200 54
2022 1 17 7 01 00 0 21 .9 200 55
2022 1 17 8 01 00 0 21 .9 200 56
2022 1 17 9 01 00 0 21 .9 200 57
2022 1 17 10 01 00 0 21 .9 200 58
2022 1 17 11 01 00 0 21 .9 200 59
2022 1 17 12 01 00 0 21 .9 200 60
2022 1 17 13 01 00 0 21 .9 200 61
2022 1 17 14 01 00 0 21 .9 200 62
2022 1 17 15 01 00 0 21 .9 200 63
2022 1 17 16 01 00 0 21 .9 200 64
2022 1 17 17 01 00 0 21 .9 200 65
2022 1 17 18 01 00 0 21 .9 200 66
2022 1 17 19 01 00 0 21 .9 200 67
2022 1 17 20 01 00 0 21 .9 200 68
2022 1 17 21 01 00 0 21 .9 200 69
2022 1 17 22 01 00 0 21 .9 200 70
2022 1 17 23 01 00 0 21 .9 200 71
2022 1 18 0 01 00 0 21 .9 200 72
2022 1 18 1 01 00 0 21 .9 200 73
2022 1 18 2 01 00 0 21 .9 200 74
2022 1 18 3 01 00 0 21 .9 200 75
2022 1 18 4 01 00 0 21 .9 200 76
2022 1 18 5 01 00 0 21 .9 200 77
2022 1 18 6 01 00 0 21 .9 200 78
2022 1 18 7 01 00 0 21 .9 200 79
2022 1 18 8 01 00 0 21 .9 200 80
2022 1 18 9 01 00 0 21 .9 200 81
2022 1 18 10 01 00 0 21 .9 200 82
2022 1 18 11 01 00 0 21 .9 200 83
2022 1 18 12 01 00 0 21 .9 200 84
2022 1 18 13 01 00 0 21 .9 200 85
2022 1 18 14 01 00 0 21 .9 200 86
2022 1 18 15 01 00 0 21 .9 200 87
2022 1 18 16 01 00 0 21 .9 200 88
2022 1 18 17 01 00 0 21 .9 200 89
2022 1 18 18 01 00 0 21 .9 200 90
2022 1 18 19 01 00 0 21 .9 200 91
2022 1 18 20 01 00 0 21 .9 200 92
2022 1 18 21 01 00 0 21 .9 200 93
2022 1 18 22 01 00 0 21 .9 200 94
2022 1 18 23 01 00 0 21 .9 200 95
2022 1 19 0 01 00 0 21 .9 200 96
2022 1 19 1 01 00 0 21 .9 200 97
2022 1 19 2 01 00 0 21 .9 200 98
2022 1 19 3 01 00 0 21 .9 200 99
2022 1 19 4 01 00 0 21 .9 200 100
2022 1 19 5 01 00 0 21 .9 200 101
2022 1 19 6 01 00 0 21 .9 200 102
2022 1 19 7 01 00 0 21 .9 200 103
2022 1 19 8 01 00 0 21 .9 200 104
2022 1 19 9 01 00 0 21 .9 200 105
2022 1 19 10 01 00 0 21 .9 200 106
2022 1 19 11 01 00 0 21 .9 200 107
2022 1 19 12 01 00 0 21 .9 200 108
2022 1 19 13 01 00 0 21 .9 200 109
2022 1 19 14 01 00 0 21 .9 200 110
2022 1 19 15 01 00 0 21 .9 200 111
2022 1 19 16 01 00 0 21 .9 200 112
2022 1 19 17 01 00 0 21 .9 200 113
2022 1 19 18 01 00 0 21 .9 200 114
2022 1 19 19 01 00 0 21 .9 200 115
2022 1 19 20 01 00 0 21 .9 200 116
2022 1 19 21 01 00 0 21 .9 200 117
2022 1 19 22 01 00 0 21 .9 200 118
2022 1 19 23 01 00 0 21 .9 200 119
2022 1 20 0 01 00 0 21 .9 200 120
2022 1 20 1 01 00 0 21 .9 200 121
2022 1 20 2 01 00 0 21 .9 200 122
2022 1 20 3 01 00 0 21 .9 200 123
2022 1 20 4 01 00 0 21 .9 200 124
2022 1 20 5 01 00 0 21 .9 200 125
2022 1 20 6 01 00 0 21 .9 200 126
2022 1 20 7 01 00 0 21 .9 200 127
2022 1 20 8 01 00 0 21 .9 200 128
2022 1 20 9 01 00 0 21 .9 200 129
2022 1 20 10 01 00 0 21 .9 200 130
2022 1 20 11 01 00 0 21 .9 200 131
2022 1 20 12 01 00 0 21 .9 200 132
2022 1 20 13 01 00 0 21 .9 200 133
2022 1 20 14 01 00 0 21 .9 200 134
2022 1 20 15 01 00 0 21 .9 200 135
2022 1 20 16 01 00 0 21 .9 200 136
2022 1 20 17 01 00 0 21 .9 200 137
2022 1 20 18 01 00 0 21 .9 200 138
2022 1 20 19 01 00 0 21 .9 200 139
2022 1 20 20 01 00 0 21 .9 200 140
2022 1 20 21 01 00 0 21 .9 200 141
2022 1 20 22 01 00 0 21 .9 200 142
2022 1 20 23 01 00 0 21 .9 200 143
2022 1 21 0 01 00 0 21 .9 200 144
2022 1 21 1 01 00 0 21 .9 200 145
2022 1 21 2 01 00 0 21 .9 200 146
2022 1 21 3 01 00 0 21 .9 200 147
2022 1 21 4 01 00 0 21 .9 200 148
2022 1 21 5 01 00 0 21 .9 200 149
2022 1 21 6 01 00 0 21 .9 200 150
2022 1 21 7 01 00 0 21 .9 200 151
2022 1 21 8 01 00 0 21 .9 200 152
2022 1 21 9 01 00 0 21 .9 200 153
2022 1 21 10 01 00 0 21 .9 200 154
2022 1 21 11 01 00 0 21 .9 200 155
2022 1 21 12 01 00 0 21 .9 200 156
2022 1 21 13 01 00 0 21 .9 200 157
2022 1 21 14 01 00 0 21 .9 200 158
2022 1 21 15 01 00 0 21 .9 200 159
2022 1 21 16 01 00 0 21 .9 200 160
2022 1 21 17 01 00 0 21 .9 200 161
2022 1 21 18 01 00 0 21 .9 200 162
2022 1 21 19 01 00 0 21 .9 200 163
2022 1 21 20 01 00 0 21 .9 200 164
2022 1 21 21 01 00 0 21 .9 200 165
2022 1 21 22 01 00 0 21 .9 200 166
2022 1 21 23 01 00 0 21 .9 200 167
2022 1 22 0 01 00 0 21 .01 200 168
2022 1 22 1 01 00 0 21 .01 200 168
2022 1 22 2 01 00 0 21 .01 200 168
2022 1 22 3 01 00 0 21 .01 200 168
2022 1 22 4 01 00 0 21 .01 200 168
2022 1 22 5 01 00 0 21 .01 200 168
2022 1 22 6 01 00 0 21 .01 200 168
2022 1 22 7 01 00 0 21 .01 200 168
2022 1 22 8 01 00 0 21 .01 200 168
2022 1 22 9 01 00 0 21 .01 200 168
2022 1 22 10 01 00 0 21 .01 200 168
2022 1 22 11 01 00 0 21 .01 200 168
2022 1 22 12 01 00 0 21 .01 200 168
2022 1 22 13 01 00 0 21 .01 200 168
2022 1 22 14 01 00 0 21 .01 200 168
2022 1 22 15 01 00 0 21 .01 200 168
2022 1 22 16 01 00 0 21 .01 200 168
2022 1 22 17 01 00 0 21 .01 200 168
2022 1 22 18 01 00 0 21 .01 200 168
2022 1 22 19 01 00 0 21 .01 200 168
2022 1 22 20 01 00 0 21 .01 200 168
2022 1 22 21 01 00 0 21 .01 200 168
2022 1 22 22 01 00 0 21 .01 200 168
2022 1 22 23 01 00 0 21 .01 200 168
2022 1 23 0 01 00 0 21 .01 200 168
2022 1 23 1 01 00 0 21 .01 200 168
2022 1 23 2 01 00 0 21 .01 200 168
2022 1 23 3 01 00 0 21 .01 200 168
2022 1 23 4 01 00 0 21 .01 200 168
2022 1 23 5 01 00 0 21 .01 200 168
2022 1 23 6 01 00 0 21 .01 200 168
2022 1 23 7 01 00 0 21 .01 200 168
2022 1 23 8 01 00 0 21 .01 200 168
2022 1 23 9 01 00 0 21 .01 200 168
2022 1 23 10 01 00 0 21 .01 200 168
2022 1 23 11 01 00 0 21 .01 200 168
2022 1 23 12 01 00 0 21 .01 200 168
2022 1 23 13 01 00 0 21 .01 200 168
2022 1 23 14 01 00 0 21 .01 200 168
2022 1 23 15 01 00 0 21 .01 200 168
2022 1 23 16 01 00 0 21 .01 200 168
2022 1 23 17 01 00 0 21 .01 200 168
2022 1 23 18 01 00 0 21 .01 200 168
2022 1 23 19 01 00 0 21 .01 200 168
2022 1 23 20 01 00 0 21 .01 200 168
2022 1 23 21 01 00 0 21 .01 200 168
2022 1 23 22 01 00 0 21 .01 200 168
2022 1 23 23 01 00 0 21 .01 200 168
2022 1 24 0 01 00 0 21 .01 200 168
2022 1 24 1 01 00 0 21 .01 200 168
2022 1 24 2 01 00 0 21 .01 200 168
2022 1 24 3 01 00 0 21 .01 200 168
2022 1 24 4 01 00 0 21 .01 200 168
2022 1 24 5 01 00 0 21 .01 200 168
2022 1 24 6 01 00 0 21 .01 200 168
2022 1 24 7 01 00 0 21 .01 200 168
2022 1 24 8 01 00 0 21 .01 200 168
2022 1 24 9 01 00 0 21 .01 200 168
2022 1 24 10 01 00 0 21 .01 200 168
2022 1 24 11 01 00 0 21 .01 200 168
2022 1 24 12 01 00 0 21 .01 200 168
2022 1 24 13 01 00 0 21 .01 200 168
2022 1 24 14 01 00 0 21 .01 200 168
2022 1 24 15 01 00 0 21 .01 200 168
2022 1 24 16 01 00 0 21 .01 200 168
2022 1 24 17 01 00 0 21 .01 200 168
2022 1 24 18 01 00 0 21 .01 200 168
2022 1 24 19 01 00 0 21 .01 200 168
2022 1 24 20 01 00 0 21 .01 200 168
2022 1 24 21 01 00 0 21 .01 200 168
2022 1 24 22 01 00 0 21 .01 200 168
2022 1 24 23 01 00 0 21 .01 200 168
2022 1 25 0 01 00 0 21 .01 200 168
2022 1 25 1 01 00 0 21 .01 200 168
2022 1 25 2 01 00 0 21 .01 200 168
2022 1 25 3 01 00 0 21 .01 200 168
2022 1 25 4 01 00 0 21 .01 200 168
2022 1 25 5 01 00 0 21 .01 200 168
2022 1 25 6 01 00 0 21 .01 200 168
2022 1 25 7 01 00 0 21 .01 200 168
2022 1 25 8 01 00 0 21 .01 200 168
2022 1 25 9 01 00 0 21 .01 200 168
2022 1 25 10 01 00 0 21 .01 200 168
2022 1 25 11 01 00 0 21 .01 200 168
2022 1 25 12 01 00 0 21 .01 200 168
2022 1 25 13 01 00 0 21 .01 200 168
2022 1 25 14 01 00 0 21 .01 200 168
2022 1 25 15 01 00 0 21 .01 200 168
2022 1 25 16 01 00 0 21 .01 200 168
2022 1 25 17 01 00 0 21 .01 200 168
2022 1 25 18 01 00 0 21 .01 200 168
2022 1 25 19 01 00 0 21 .01 200 168
2022 1 25 20 01 00 0 21 .01 200 168
2022 1 25 21 01 00 0 21 .01 200 168
2022 1 25 22 01 00 0 21 .01 200 168
2022 1 25 23 01 00 0 21 .01 200 168
2022 1 26 0 01 00 0 21 .01 200 168
2022 1 26 1 01 00 0 21 .01 200 168
2022 1 26 2 01 00 0 21 .01 200 168
2022 1 26 3 01 00 0 21 .01 200 168
2022 1 26 4 01 00 0 21 .01 200 168
2022 1 26 5 01 00 0 21 .01 200 168
2022 1 26 6 01 00 0 21 .01 200 168
2022 1 26 7 01 00 0 21 .01 200 168
2022 1 26 8 01 00 0 21 .01 200 168
2022 1 26 9 01 00 0 21 .01 200 168
2022 1 26 10 01 00 0 21 .01 200 168
2022 1 26 11 01 00 0 21 .01 200 168
2022 1 26 12 01 00 0 21 .01 200 168
2022 1 26 13 01 00 0 21 .01 200 168
2022 1 26 14 01 00 0 21 .01 200 168
2022 1 26 15 01 00 0 21 .01 200 168
2022 1 26 16 01 00 0 21 .01 200 168
2022 1 26 17 01 00 0 21 .01 200 168
2022 1 26 18 01 00 0 21 .01 200 168
2022 1 26 19 01 00 0 21 .01 200 168
2022 1 26 20 01 00 0 21 .01 200 168
2022 1 26 21 01 00 0 21 .01 200 168
2022 1 26 22 01 00 0 21 .01 200 168
2022 1 26 23 01 00 0 21 .01 200 168
2022 1 27 0 01 00 0 21 .01 200 168
2022 1 27 1 01 00 0 21 .01 200 168
2022 1 27 2 01 00 0 21 .01 200 168
2022 1 27 3 01 00 0 21 .01 200 168
2022 1 27 4 01 00 0 21 .01 200 168
2022 1 27 5 01 00 0 21 .01 200 168
2022 1 27 6 01 00 0 21 .01 200 168
2022 1 27 7 01 00 0 21 .01 200 168
2022 1 27 8 01 00 0 21 .01 200 168
2022 1 27 9 01 00 0 21 .01 200 168
2022 1 27 10 01 00 0 21 .01 200 168
2022 1 27 11 01 00 0 21 .01 200 168
2022 1 27 12 01 00 0 21 .01 200 168
2022 1 27 13 01 00 0 21 .01 200 168
2022 1 27 14 01 00 0 21 .01 200 168
2022 1 27 15 01 00 0 21 .01 200 168
2022 1 27 16 01 00 0 21 .01 200 168
2022 1 27 17 01 00 0 21 .01 200 168
2022 1 27 18 01 00 0 21 .01 200 168
2022 1 27 19 01 00 0 21 .01 200 168
2022 1 27 20 01 00 0 21 .01 200 168
2022 1 27 21 01 00 0 21 .01 200 168
2022 1 27 22 01 00 0 21 .01 200 168
2022 1 27 23 01 00 0 21 .01 200 168
2022 1 28 0 01 00 0 21 .01 200 168
2022 1 28 1 01 00 0 21 .01 200 168
2022 1 28 2 01 00 0 21 .01 200 168
2022 1 28 3 01 00 0 21 .01 200 168
2022 1 28 4 01 00 0 21 .01 200 168
2022 1 28 5 01 00 0 21 .01 200 168
2022 1 28 6 01 00 0 21 .01 200 168
2022 1 28 7 01 00 0 21 .01 200 168
2022 1 28 8 01 00 0 21 .01 200 168
2022 1 28 9 01 00 0 21 .01 200 168
2022 1 28 10 01 00 0 21 .01 200 168
2022 1 28 11 01 00 0 21 .01 200 168
2022 1 28 12 01 00 0 21 .01 200 168
2022 1 28 13 01 00 0 21 .01 200 168
2022 1 28 14 01 00 0 21 .01 200 168
2022 1 28 15 01 00 0 21 .01 200 168
2022 1 28 16 01 00 0 21 .01 200 168
2022 1 28 17 01 00 0 21 .01 200 168
2022 1 28 18 01 00 0 21 .01 200 168
2022 1 28 19 01 00 0 21 .01 200 168
2022 1 28 20 01 00 0 21 .01 200 168
2022 1 28 21 01 00 0 21 .01 200 168
2022 1 28 22 01 00 0 21 .01 200 168
2022 1 28 23 01 00 0 21 .01 200 168
2022 1 29 0 01 00 0 21 .01 200 168
2022 1 29 1 01 00 0 21 .01 200 168
2022 1 29 2 01 00 0 21 .01 200 168
2022 1 29 3 01 00 0 21 .01 200 168
2022 1 29 4 01 00 0 21 .01 200 168
2022 1 29 5 01 00 0 21 .01 200 168
2022 1 29 6 01 00 0 21 .01 200 168
2022 1 29 7 01 00 0 21 .01 200 168
2022 1 29 8 01 00 0 21 .01 200 168
2022 1 29 9 01 00 0 21 .01 200 168
2022 1 29 10 01 00 0 21 .01 200 168
2022 1 29 11 01 00 0 21 .01 200 168
2022 1 29 12 01 00 0 21 .01 200 168
2022 1 29 13 01 00 0 21 .01 200 168
2022 1 29 14 01 00 0 21 .01 200 168
2022 1 29 15 01 00 0 21 .01 200 168
2022 1 29 16 01 00 0 21 .01 200 168
2022 1 29 17 01 00 0 21 .01 200 168
2022 1 29 18 01 00 0 21 .01 200 168
2022 1 29 19 01 00 0 21 .01 200 168
2022 1 29 20 01 00 0 21 .01 200 168
2022 1 29 21 01 00 0 21 .01 200 168
2022 1 29 22 01 00 0 21 .01 200 168
2022 1 29 23 01 00 0 21 .01 200 168
2022 1 30 0 01 00 0 21 .01 200 168
2022 1 30 1 01 00 0 21 .01 200 168
2022 1 30 2 01 00 0 21 .01 200 168
2022 1 30 3 01 00 0 21 .01 200 168
2022 1 30 4 01 00 0 21 .01 200 168
2022 1 30 5 01 00 0 21 .01 200 168
2022 1 30 6 01 00 0 21 .01 200 168
2022 1 30 7 01 00 0 21 .01 200 168
2022 1 30 8 01 00 0 21 .01 200 168
2022 1 30 9 01 00 0 21 .01 200 168
2022 1 30 10 01 00 0 21 .01 200 168
2022 1 30 11 01 00 0 21 .01 200 168
2022 1 30 12 01 00 0 21 .01 200 168
2022 1 30 13 01 00 0 21 .01 200 168
2022 1 30 14 01 00 0 21 .01 200 168
2022 1 30 15 01 00 0 21 .01 200 168
2022 1 30 16 01 00 0 21 .01 200 168
2022 1 30 17 01 00 0 21 .01 200 168
2022 1 30 18 01 00 0 21 .01 200 168
2022 1 30 19 01 00 0 21 .01 200 168
2022 1 30 20 01 00 0 21 .01 200 168
2022 1 30 21 01 00 0 21 .01 200 168
2022 1 30 22 01 00 0 21 .01 200 168
2022 1 30 23 01 00 0 21 .01 200 168
2022 2 1 0 01 00 0 21 .01 200 168
2022 2 1 1 01 00 0 21 .01 200 168
2022 2 1 2 01 00 0 21 .01 200 168
2022 2 1 3 01 00 0 21 .01 200 168
2022 2 1 4 01 00 0 21 .01 200 168
2022 2 1 5 01 00 0 21 .01 200 168
2022 2 1 6 01 00 0 21 .01 200 168
2022 2 1 7 01 00 0 21 .01 200 168
2022 2 1 8 01 00 0 21 .01 200 168
2022 2 1 9 01 00 0 21 .01 200 168
2022 2 1 10 01 00 0 21 .01 200 168
2022 2 1 11 01 00 0 21 .01 200 168
2022 2 1 12 01 00 0 21 .01 200 168
2022 2 1 13 01 00 0 21 .01 200 168
2022 2 1 14 01 00 0 21 .01 200 168
2022 2 1 15 01 00 0 21 .01 200 168
2022 2 1 16 01 00 0 21 .01 200 168
2022 2 1 17 01 00 0 21 .01 200 168
2022 2 1 18 01 00 0 21 .01 200 168
2022 2 1 19 01 00 0 21 .01 200 168
2022 2 1 20 01 00 0 21 .01 200 168
2022 2 1 21 01 00 0 21 .01 200 168
2022 2 1 22 01 00 0 21 .01 200 168
2022 2 1 23 01 00 0 21 .01 200 168
2022 2 2 0 01 00 0 21 .01 200 168
2022 2 2 1 01 00 0 21 .01 200 168
2022 2 2 2 01 00 0 21 .01 200 168
2022 2 2 3 01 00 0 21 .01 200 168
2022 2 2 4 01 00 0 21 .01 200 168
2022 2 2 5 01 00 0 21 .01 200 168
2022 2 2 6 01 00 0 21 .01 200 168
2022 2 2 7 01 00 0 21 .01 200 168
2022 2 2 8 01 00 0 21 .01 200 168
2022 2 2 9 01 00 0 21 .01 200 168
2022 2 2 10 01 00 0 21 .01 200 168
2022 2 2 11 01 00 0 21 .01 200 168
2022 2 2 12 01 00 0 21 .01 200 168
2022 2 2 13 01 00 0 21 .01 200 168
2022 2 2 14 01 00 0 21 .01 200 168
2022 2 2 15 01 00 0 21 .01 200 168
2022 2 2 16 01 00 0 21 .01 200 168
2022 2 2 17 01 00 0 21 .01 200 168
2022 2 2 18 01 00 0 21 .01 200 168
2022 2 2 19 01 00 0 21 .01 200 168
2022 2 2 20 01 00 0 21 .01 200 168
2022 2 2 21 01 00 0 21 .01 200 168
2022 2 2 22 01 00 0 21 .01 200 168
2022 2 2 23 01 00 0 21 .01 200 168
2022 2 3 0 01 00 0 21 .01 200 168
2022 2 3 1 01 00 0 21 .01 200 168
2022 2 3 2 01 00 0 21 .01 200 168
2022 2 3 3 01 00 0 21 .01 200 168
2022 2 3 4 01 00 0 21 .01 200 168
2022 2 3 5 01 00 0 21 .01 200 168
2022 2 3 6 01 00 0 21 .01 200 168
2022 2 3 7 01 00 0 21 .01 200 168
2022 2 3 8 01 00 0 21 .01 200 168
2022 2 3 9 01 00 0 21 .01 200 168
2022 2 3 10 01 00 0 21 .01 200 168
2022 2 3 11 01 00 0 21 .01 200 168
2022 2 3 12 01 00 0 21 .01 200 168
2022 2 3 13 01 00 0 21 .01 200 168
2022 2 3 14 01 00 0 21 .01 200 168
2022 2 3 15 01 00 0 21 .01 200 168
2022 2 3 16 01 00 0 21 .01 200 168
2022 2 3 17 01 00 0 21 .01 200 168
2022 2 3 18 01 00 0 21 .01 200 168
2022 2 3 19 01 00 0 21 .01 200 168
2022 2 3 20 01 00 0 21 .01 200 168
2022 2 3 21 01 00 0 21 .01 200 168
2022 2 3 22 01 00 0 21 .01 200 168
2022 2 3 23 01 00 0 21 .01 200 168
2022 2 4 0 01 00 0 21 .01 200 168
2022 2 4 1 01 00 0 21 .01 200 168
2022 2 4 2 01 00 0 21 .01 200 168
2022 2 4 3 01 00 0 21 .01 200 168
2022 2 4 4 01 00 0 21 .01 200 168
2022 2 4 5 01 00 0 21 .01 200 168
2022 2 4 6 01 00 0 21 .01 200 168
2022 2 4 7 01 00 0 21 .01 200 168
2022 2 4 8 01 00 0 21 .01 200 168
2022 2 4 9 01 00 0 21 .01 200 168
2022 2 4 10 01 00 0 21 .01 200 168
2022 2 4 11 01 00 0 21 .01 200 168
2022 2 4 12 01 00 0 21 .01 200 168
2022 2 4 13 01 00 0 21 .01 200 168
2022 2 4 14 01 00 0 21 .01 200 168
2022 2 4 15 01 00 0 21 .01 200 168
2022 2 4 16 01 00 0 21 .01 200 168
2022 2 4 17 01 00 0 21 .01 200 168
2022 2 4 18 01 00 0 21 .01 200 168
2022 2 4 19 01 00 0 21 .01 200 168
2022 2 4 20 01 00 0 21 .01 200 168
2022 2 4 21 01 00 0 21 .01 200 168
2022 2 4 22 01 00 0 21 .01 200 168
2022 2 4 23 01 00 0 21 .01 200 168
2022 2 5 0 01 00 0 21 .01 200 168
2022 2 5 1 01 00 0 21 .01 200 168
2022 2 5 2 01 00 0 21 .01 200 168
2022 2 5 3 01 00 0 21 .01 200 168
2022 2 5 4 01 00 0 21 .01 200 168
2022 2 5 5 01 00 0 21 .01 200 168
2022 2 5 6 01 00 0 21 .01 200 168
2022 2 5 7 01 00 0 21 .01 200 168
2022 2 5 8 01 00 0 21 .01 200 168
2022 2 5 9 01 00 0 21 .01 200 168
2022 2 5 10 01 00 0 21 .01 200 168
2022 2 5 11 01 00 0 21 .01 200 168
2022 2 5 12 01 00 0 21 .01 200 168
2022 2 5 13 01 00 0 21 .01 200 168
2022 2 5 14 01 00 0 21 .01 200 168
2022 2 5 15 01 00 0 21 .01 200 168
2022 2 5 16 01 00 0 21 .01 200 168
2022 2 5 17 01 00 0 21 .01 200 168
2022 2 5 18 01 00 0 21 .01 200 168
2022 2 5 19 01 00 0 21 .01 200 168
2022 2 5 20 01 00 0 21 .01 200 168
2022 2 5 21 01 00 0 21 .01 200 168
2022 2 5 22 01 00 0 21 .01 200 168
2022 2 5 23 01 00 0 21 .01 200 168
