2022 1 1 0 01 00 0 21 .9 200 1 19 .9 .9 
2022 1 1 1 01 00 0 21 .9 200 2
2022 1 1 2 01 00 0 21 .9 200 3
2022 1 1 3 01 00 0 21 .9 200 4
2022 1 1 4 01 00 0 21 .9 200 5
2022 1 1 5 01 00 0 21 .9 200 6
2022 1 1 6 01 00 0 21 .9 200 7
2022 1 1 7 01 00 0 21 .9 200 8
2022 1 1 8 01 00 0 21 .9 200 9
2022 1 1 9 01 00 0 21 .9 200 10
2022 1 1 10 01 00 0 21 .9 200 11
2022 1 1 11 01 00 0 21 .9 200 12
2022 1 1 12 01 00 0 21 .9 200 13
2022 1 1 13 01 00 0 21 .9 200 14
2022 1 1 14 01 00 0 21 .9 200 15
2022 1 1 15 01 00 0 21 .9 200 16
2022 1 1 16 01 00 0 21 .9 200 17
2022 1 1 17 01 00 0 21 .9 200 18
2022 1 1 18 01 00 0 21 .9 200 19
2022 1 1 19 01 00 0 21 .9 200 20
2022 1 1 20 01 00 0 21 .9 200 21
2022 1 1 21 01 00 0 21 .9 200 22
2022 1 1 22 01 00 0 21 .9 200 23
2022 1 1 23 01 00 0 21 .9 200 24
2022 1 2 0 01 00 0 21 .9 200 25
2022 1 2 1 01 00 0 21 .9 200 26
2022 1 2 2 01 00 0 21 .9 200 27
2022 1 2 3 01 00 0 21 .9 200 28
2022 1 2 4 01 00 0 21 .9 200 29
2022 1 2 5 01 00 0 21 .9 200 30
2022 1 2 6 01 00 0 21 .9 200 31
2022 1 2 7 01 00 0 21 .9 200 32
2022 1 2 8 01 00 0 21 .9 200 33
2022 1 2 9 01 00 0 21 .9 200 34
2022 1 2 10 01 00 0 21 .9 200 35
2022 1 2 11 01 00 0 21 .9 200 36
2022 1 2 12 01 00 0 21 .9 200 37
2022 1 2 13 01 00 0 21 .9 200 38
2022 1 2 14 01 00 0 21 .9 200 39
2022 1 2 15 01 00 0 21 .9 200 40
2022 1 2 16 01 00 0 21 .9 200 41
2022 1 2 17 01 00 0 21 .9 200 42
2022 1 2 18 01 00 0 21 .9 200 43
2022 1 2 19 01 00 0 21 .9 200 44
2022 1 2 20 01 00 0 21 .9 200 45
2022 1 2 21 01 00 0 21 .9 200 46
2022 1 2 22 01 00 0 21 .9 200 47
2022 1 2 23 01 00 0 21 .9 200 48
2022 1 3 0 01 00 0 21 .9 200 49
2022 1 3 1 01 00 0 21 .9 200 50
2022 1 3 2 01 00 0 21 .9 200 51
2022 1 3 3 01 00 0 21 .9 200 52
2022 1 3 4 01 00 0 21 .9 200 53
2022 1 3 5 01 00 0 21 .9 200 54
2022 1 3 6 01 00 0 21 .9 200 55
2022 1 3 7 01 00 0 21 .9 200 56
2022 1 3 8 01 00 0 21 .9 200 57
2022 1 3 9 01 00 0 21 .9 200 58
2022 1 3 10 01 00 0 21 .9 200 59
2022 1 3 11 01 00 0 21 .9 200 60
2022 1 3 12 01 00 0 21 .9 200 61
2022 1 3 13 01 00 0 21 .9 200 62
2022 1 3 14 01 00 0 21 .9 200 63
2022 1 3 15 01 00 0 21 .9 200 64
2022 1 3 16 01 00 0 21 .9 200 65
2022 1 3 17 01 00 0 21 .9 200 66
2022 1 3 18 01 00 0 21 .9 200 67
2022 1 3 19 01 00 0 21 .9 200 68
2022 1 3 20 01 00 0 21 .9 200 69
2022 1 3 21 01 00 0 21 .9 200 70
2022 1 3 22 01 00 0 21 .9 200 71
2022 1 3 23 01 00 0 21 .9 200 72
2022 1 4 0 01 00 0 21 .9 200 73
2022 1 4 1 01 00 0 21 .9 200 74
2022 1 4 2 01 00 0 21 .9 200 75
2022 1 4 3 01 00 0 21 .9 200 76
2022 1 4 4 01 00 0 21 .9 200 77
2022 1 4 5 01 00 0 21 .9 200 78
2022 1 4 6 01 00 0 21 .9 200 79
2022 1 4 7 01 00 0 21 .9 200 80
2022 1 4 8 01 00 0 21 .9 200 81
2022 1 4 9 01 00 0 21 .9 200 82
2022 1 4 10 01 00 0 21 .9 200 83
2022 1 4 11 01 00 0 21 .9 200 84
2022 1 4 12 01 00 0 21 .9 200 85
2022 1 4 13 01 00 0 21 .9 200 86
2022 1 4 14 01 00 0 21 .9 200 87
2022 1 4 15 01 00 0 21 .9 200 88
2022 1 4 16 01 00 0 21 .9 200 89
2022 1 4 17 01 00 0 21 .9 200 90
2022 1 4 18 01 00 0 21 .9 200 91
2022 1 4 19 01 00 0 21 .9 200 92
2022 1 4 20 01 00 0 21 .9 200 93
2022 1 4 21 01 00 0 21 .9 200 94
2022 1 4 22 01 00 0 21 .9 200 95
2022 1 4 23 01 00 0 21 .9 200 96
2022 1 5 0 01 00 0 21 .9 200 97
2022 1 5 1 01 00 0 21 .9 200 98
2022 1 5 2 01 00 0 21 .9 200 99
2022 1 5 3 01 00 0 21 .9 200 100
2022 1 5 4 01 00 0 21 .9 200 101
2022 1 5 5 01 00 0 21 .9 200 102
2022 1 5 6 01 00 0 21 .9 200 103
2022 1 5 7 01 00 0 21 .9 200 104
2022 1 5 8 01 00 0 21 .9 200 105
2022 1 5 9 01 00 0 21 .9 200 106
2022 1 5 10 01 00 0 21 .9 200 107
2022 1 5 11 01 00 0 21 .9 200 108
2022 1 5 12 01 00 0 21 .9 200 109
2022 1 5 13 01 00 0 21 .9 200 110
2022 1 5 14 01 00 0 21 .9 200 111
2022 1 5 15 01 00 0 21 .9 200 112
2022 1 5 16 01 00 0 21 .9 200 113
2022 1 5 17 01 00 0 21 .9 200 114
2022 1 5 18 01 00 0 21 .9 200 115
2022 1 5 19 01 00 0 21 .9 200 116
2022 1 5 20 01 00 0 21 .9 200 117
2022 1 5 21 01 00 0 21 .9 200 118
2022 1 5 22 01 00 0 21 .9 200 119
2022 1 5 23 01 00 0 21 .9 200 120
2022 1 6 0 01 00 0 21 .9 200 121
2022 1 6 1 01 00 0 21 .9 200 122
2022 1 6 2 01 00 0 21 .9 200 123
2022 1 6 3 01 00 0 21 .9 200 124
2022 1 6 4 01 00 0 21 .9 200 125
2022 1 6 5 01 00 0 21 .9 200 126
2022 1 6 6 01 00 0 21 .9 200 127
2022 1 6 7 01 00 0 21 .9 200 128
2022 1 6 8 01 00 0 21 .9 200 129
2022 1 6 9 01 00 0 21 .9 200 130
2022 1 6 10 01 00 0 21 .9 200 131
2022 1 6 11 01 00 0 21 .9 200 132
2022 1 6 12 01 00 0 21 .9 200 133
2022 1 6 13 01 00 0 21 .9 200 134
2022 1 6 14 01 00 0 21 .9 200 135
2022 1 6 15 01 00 0 21 .9 200 136
2022 1 6 16 01 00 0 21 .9 200 137
2022 1 6 17 01 00 0 21 .9 200 138
2022 1 6 18 01 00 0 21 .9 200 139
2022 1 6 19 01 00 0 21 .9 200 140
2022 1 6 20 01 00 0 21 .9 200 141
2022 1 6 21 01 00 0 21 .9 200 142
2022 1 6 22 01 00 0 21 .9 200 143
2022 1 6 23 01 00 0 21 .9 200 144
2022 1 7 0 01 00 0 21 .9 200 145
2022 1 7 1 01 00 0 21 .9 200 146
2022 1 7 2 01 00 0 21 .9 200 147
2022 1 7 3 01 00 0 21 .9 200 148
2022 1 7 4 01 00 0 21 .9 200 149
2022 1 7 5 01 00 0 21 .9 200 150
2022 1 7 6 01 00 0 21 .9 200 151
2022 1 7 7 01 00 0 21 .9 200 152
2022 1 7 8 01 00 0 21 .9 200 153
2022 1 7 9 01 00 0 21 .9 200 154
2022 1 7 10 01 00 0 21 .9 200 155
2022 1 7 11 01 00 0 21 .9 200 156
2022 1 7 12 01 00 0 21 .9 200 157
2022 1 7 13 01 00 0 21 .9 200 158
2022 1 7 14 01 00 0 21 .9 200 159
2022 1 7 15 01 00 0 21 .9 200 160
2022 1 7 16 01 00 0 21 .9 200 161
2022 1 7 17 01 00 0 21 .9 200 162
2022 1 7 18 01 00 0 21 .9 200 163
2022 1 7 19 01 00 0 21 .9 200 164
2022 1 7 20 01 00 0 21 .9 200 165
2022 1 7 21 01 00 0 21 .9 200 166
2022 1 7 22 01 00 0 21 .9 200 167
2022 1 7 23 01 00 0 21 .9 200 168
2022 1 8 0 01 00 0 21 .9 200 169
2022 1 8 1 01 00 0 21 .9 200 170
2022 1 8 2 01 00 0 21 .9 200 171
2022 1 8 3 01 00 0 21 .9 200 172
2022 1 8 4 01 00 0 21 .9 200 173
2022 1 8 5 01 00 0 21 .9 200 174
2022 1 8 6 01 00 0 21 .9 200 175
2022 1 8 7 01 00 0 21 .9 200 176
2022 1 8 8 01 00 0 21 .9 200 177
2022 1 8 9 01 00 0 21 .9 200 178
2022 1 8 10 01 00 0 21 .9 200 179
2022 1 8 11 01 00 0 21 .9 200 180
2022 1 8 12 01 00 0 21 .9 200 181
2022 1 8 13 01 00 0 21 .9 200 182
2022 1 8 14 01 00 0 21 .9 200 183
2022 1 8 15 01 00 0 21 .9 200 184
2022 1 8 16 01 00 0 21 .9 200 185
2022 1 8 17 01 00 0 21 .9 200 186
2022 1 8 18 01 00 0 21 .9 200 187
2022 1 8 19 01 00 0 21 .9 200 188
2022 1 8 20 01 00 0 21 .9 200 189
2022 1 8 21 01 00 0 21 .9 200 190
2022 1 8 22 01 00 0 21 .9 200 191
2022 1 8 23 01 00 0 21 .9 200 192
2022 1 9 0 01 00 0 21 .9 200 193
2022 1 9 1 01 00 0 21 .9 200 194
2022 1 9 2 01 00 0 21 .9 200 195
2022 1 9 3 01 00 0 21 .9 200 196
2022 1 9 4 01 00 0 21 .9 200 197
2022 1 9 5 01 00 0 21 .9 200 198
2022 1 9 6 01 00 0 21 .9 200 199
2022 1 9 7 01 00 0 21 .9 200 200
2022 1 9 8 01 00 0 21 .9 200 201
2022 1 9 9 01 00 0 21 .9 200 202
2022 1 9 10 01 00 0 21 .9 200 203
2022 1 9 11 01 00 0 21 .9 200 204
2022 1 9 12 01 00 0 21 .9 200 205
2022 1 9 13 01 00 0 21 .9 200 206
2022 1 9 14 01 00 0 21 .9 200 207
2022 1 9 15 01 00 0 21 .9 200 208
2022 1 9 16 01 00 0 21 .9 200 209
2022 1 9 17 01 00 0 21 .9 200 210
2022 1 9 18 01 00 0 21 .9 200 211
2022 1 9 19 01 00 0 21 .9 200 212
2022 1 9 20 01 00 0 21 .9 200 213
2022 1 9 21 01 00 0 21 .9 200 214
2022 1 9 22 01 00 0 21 .9 200 215
2022 1 9 23 01 00 0 21 .9 200 216
2022 1 10 0 01 00 0 21 .9 200 217
2022 1 10 1 01 00 0 21 .9 200 218
2022 1 10 2 01 00 0 21 .9 200 219
2022 1 10 3 01 00 0 21 .9 200 220
2022 1 10 4 01 00 0 21 .9 200 221
2022 1 10 5 01 00 0 21 .9 200 222
2022 1 10 6 01 00 0 21 .9 200 223
2022 1 10 7 01 00 0 21 .9 200 224
2022 1 10 8 01 00 0 21 .9 200 225
2022 1 10 9 01 00 0 21 .9 200 226
2022 1 10 10 01 00 0 21 .9 200 227
2022 1 10 11 01 00 0 21 .9 200 228
2022 1 10 12 01 00 0 21 .9 200 229
2022 1 10 13 01 00 0 21 .9 200 230
2022 1 10 14 01 00 0 21 .9 200 231
2022 1 10 15 01 00 0 21 .9 200 232
2022 1 10 16 01 00 0 21 .9 200 233
2022 1 10 17 01 00 0 21 .9 200 234
2022 1 10 18 01 00 0 21 .9 200 235
2022 1 10 19 01 00 0 21 .9 200 236
2022 1 10 20 01 00 0 21 .9 200 237
2022 1 10 21 01 00 0 21 .9 200 238
2022 1 10 22 01 00 0 21 .9 200 239
2022 1 10 23 01 00 0 21 .9 200 240
2022 1 11 0 01 00 0 21 .9 200 241
2022 1 11 1 01 00 0 21 .9 200 242
2022 1 11 2 01 00 0 21 .9 200 243
2022 1 11 3 01 00 0 21 .9 200 244
2022 1 11 4 01 00 0 21 .9 200 245
2022 1 11 5 01 00 0 21 .9 200 246
2022 1 11 6 01 00 0 21 .9 200 247
2022 1 11 7 01 00 0 21 .9 200 248
2022 1 11 8 01 00 0 21 .9 200 249
2022 1 11 9 01 00 0 21 .9 200 250
2022 1 11 10 01 00 0 21 .9 200 251
2022 1 11 11 01 00 0 21 .9 200 252
2022 1 11 12 01 00 0 21 .9 200 253
2022 1 11 13 01 00 0 21 .9 200 254
2022 1 11 14 01 00 0 21 .9 200 255
2022 1 11 15 01 00 0 21 .9 200 256
2022 1 11 16 01 00 0 21 .9 200 257
2022 1 11 17 01 00 0 21 .9 200 258
2022 1 11 18 01 00 0 21 .9 200 259
2022 1 11 19 01 00 0 21 .9 200 260
2022 1 11 20 01 00 0 21 .9 200 261
2022 1 11 21 01 00 0 21 .9 200 262
2022 1 11 22 01 00 0 21 .9 200 263
2022 1 11 23 01 00 0 21 .9 200 264
2022 1 12 0 01 00 0 21 .9 200 265
2022 1 12 1 01 00 0 21 .9 200 266
2022 1 12 2 01 00 0 21 .9 200 267
2022 1 12 3 01 00 0 21 .9 200 268
2022 1 12 4 01 00 0 21 .9 200 269
2022 1 12 5 01 00 0 21 .9 200 270
2022 1 12 6 01 00 0 21 .9 200 271
2022 1 12 7 01 00 0 21 .9 200 272
2022 1 12 8 01 00 0 21 .9 200 273
2022 1 12 9 01 00 0 21 .9 200 274
2022 1 12 10 01 00 0 21 .9 200 275
2022 1 12 11 01 00 0 21 .9 200 276
2022 1 12 12 01 00 0 21 .9 200 277
2022 1 12 13 01 00 0 21 .9 200 278
2022 1 12 14 01 00 0 21 .9 200 279
2022 1 12 15 01 00 0 21 .9 200 280
2022 1 12 16 01 00 0 21 .9 200 281
2022 1 12 17 01 00 0 21 .9 200 282
2022 1 12 18 01 00 0 21 .9 200 283
2022 1 12 19 01 00 0 21 .9 200 284
2022 1 12 20 01 00 0 21 .9 200 285
2022 1 12 21 01 00 0 21 .9 200 286
2022 1 12 22 01 00 0 21 .9 200 287
2022 1 12 23 01 00 0 21 .9 200 288
2022 1 13 0 01 00 0 21 .9 200 289
2022 1 13 1 01 00 0 21 .9 200 290
2022 1 13 2 01 00 0 21 .9 200 291
2022 1 13 3 01 00 0 21 .9 200 292
2022 1 13 4 01 00 0 21 .9 200 293
2022 1 13 5 01 00 0 21 .9 200 294
2022 1 13 6 01 00 0 21 .9 200 295
2022 1 13 7 01 00 0 21 .9 200 296
2022 1 13 8 01 00 0 21 .9 200 297
2022 1 13 9 01 00 0 21 .9 200 298
2022 1 13 10 01 00 0 21 .9 200 299
2022 1 13 11 01 00 0 21 .9 200 300
2022 1 13 12 01 00 0 21 .9 200 301
2022 1 13 13 01 00 0 21 .9 200 302
2022 1 13 14 01 00 0 21 .9 200 303
2022 1 13 15 01 00 0 21 .9 200 304
2022 1 13 16 01 00 0 21 .9 200 305
2022 1 13 17 01 00 0 21 .9 200 306
2022 1 13 18 01 00 0 21 .9 200 307
2022 1 13 19 01 00 0 21 .9 200 308
2022 1 13 20 01 00 0 21 .9 200 309
2022 1 13 21 01 00 0 21 .9 200 310
2022 1 13 22 01 00 0 21 .9 200 311
2022 1 13 23 01 00 0 21 .9 200 312
2022 1 14 0 01 00 0 21 .9 200 313
2022 1 14 1 01 00 0 21 .9 200 314
2022 1 14 2 01 00 0 21 .9 200 315
2022 1 14 3 01 00 0 21 .9 200 316
2022 1 14 4 01 00 0 21 .9 200 317
2022 1 14 5 01 00 0 21 .9 200 318
2022 1 14 6 01 00 0 21 .9 200 319
2022 1 14 7 01 00 0 21 .9 200 320
2022 1 14 8 01 00 0 21 .9 200 321
2022 1 14 9 01 00 0 21 .9 200 322
2022 1 14 10 01 00 0 21 .9 200 323
2022 1 14 11 01 00 0 21 .9 200 324
2022 1 14 12 01 00 0 21 .9 200 325
2022 1 14 13 01 00 0 21 .9 200 326
2022 1 14 14 01 00 0 21 .9 200 327
2022 1 14 15 01 00 0 21 .9 200 328
2022 1 14 16 01 00 0 21 .9 200 329
2022 1 14 17 01 00 0 21 .9 200 330
2022 1 14 18 01 00 0 21 .9 200 331
2022 1 14 19 01 00 0 21 .9 200 332
2022 1 14 20 01 00 0 21 .9 200 333
2022 1 14 21 01 00 0 21 .9 200 334
2022 1 14 22 01 00 0 21 .9 200 335
2022 1 14 23 01 00 0 21 .9 200 336
2022 1 15 0 01 00 0 21 .01 200 337
2022 1 15 1 01 00 0 21 .01 200 337
2022 1 15 2 01 00 0 21 .01 200 337
2022 1 15 3 01 00 0 21 .01 200 337
2022 1 15 4 01 00 0 21 .01 200 337
2022 1 15 5 01 00 0 21 .01 200 337
2022 1 15 6 01 00 0 21 .01 200 337
2022 1 15 7 01 00 0 21 .01 200 337
2022 1 15 8 01 00 0 21 .01 200 337
2022 1 15 9 01 00 0 21 .01 200 337
2022 1 15 10 01 00 0 21 .01 200 337
2022 1 15 11 01 00 0 21 .01 200 337
2022 1 15 12 01 00 0 21 .01 200 337
2022 1 15 13 01 00 0 21 .01 200 337
2022 1 15 14 01 00 0 21 .01 200 337
2022 1 15 15 01 00 0 21 .01 200 337
2022 1 15 16 01 00 0 21 .01 200 337
2022 1 15 17 01 00 0 21 .01 200 337
2022 1 15 18 01 00 0 21 .01 200 337
2022 1 15 19 01 00 0 21 .01 200 337
2022 1 15 20 01 00 0 21 .01 200 337
2022 1 15 21 01 00 0 21 .01 200 337
2022 1 15 22 01 00 0 21 .01 200 337
2022 1 15 23 01 00 0 21 .01 200 337
2022 1 16 0 01 00 0 21 .01 200 337
2022 1 16 1 01 00 0 21 .01 200 337
2022 1 16 2 01 00 0 21 .01 200 337
2022 1 16 3 01 00 0 21 .01 200 337
2022 1 16 4 01 00 0 21 .01 200 337
2022 1 16 5 01 00 0 21 .01 200 337
2022 1 16 6 01 00 0 21 .01 200 337
2022 1 16 7 01 00 0 21 .01 200 337
2022 1 16 8 01 00 0 21 .01 200 337
2022 1 16 9 01 00 0 21 .01 200 337
2022 1 16 10 01 00 0 21 .01 200 337
2022 1 16 11 01 00 0 21 .01 200 337
2022 1 16 12 01 00 0 21 .01 200 337
2022 1 16 13 01 00 0 21 .01 200 337
2022 1 16 14 01 00 0 21 .01 200 337
2022 1 16 15 01 00 0 21 .01 200 337
2022 1 16 16 01 00 0 21 .01 200 337
2022 1 16 17 01 00 0 21 .01 200 337
2022 1 16 18 01 00 0 21 .01 200 337
2022 1 16 19 01 00 0 21 .01 200 337
2022 1 16 20 01 00 0 21 .01 200 337
2022 1 16 21 01 00 0 21 .01 200 337
2022 1 16 22 01 00 0 21 .01 200 337
2022 1 16 23 01 00 0 21 .01 200 337
2022 1 17 0 01 00 0 21 .01 200 337
2022 1 17 1 01 00 0 21 .01 200 337
2022 1 17 2 01 00 0 21 .01 200 337
2022 1 17 3 01 00 0 21 .01 200 337
2022 1 17 4 01 00 0 21 .01 200 337
2022 1 17 5 01 00 0 21 .01 200 337
2022 1 17 6 01 00 0 21 .01 200 337
2022 1 17 7 01 00 0 21 .01 200 337
2022 1 17 8 01 00 0 21 .01 200 337
2022 1 17 9 01 00 0 21 .01 200 337
2022 1 17 10 01 00 0 21 .01 200 337
2022 1 17 11 01 00 0 21 .01 200 337
2022 1 17 12 01 00 0 21 .01 200 337
2022 1 17 13 01 00 0 21 .01 200 337
2022 1 17 14 01 00 0 21 .01 200 337
2022 1 17 15 01 00 0 21 .01 200 337
2022 1 17 16 01 00 0 21 .01 200 337
2022 1 17 17 01 00 0 21 .01 200 337
2022 1 17 18 01 00 0 21 .01 200 337
2022 1 17 19 01 00 0 21 .01 200 337
2022 1 17 20 01 00 0 21 .01 200 337
2022 1 17 21 01 00 0 21 .01 200 337
2022 1 17 22 01 00 0 21 .01 200 337
2022 1 17 23 01 00 0 21 .01 200 337
2022 1 18 0 01 00 0 21 .01 200 337
2022 1 18 1 01 00 0 21 .01 200 337
2022 1 18 2 01 00 0 21 .01 200 337
2022 1 18 3 01 00 0 21 .01 200 337
2022 1 18 4 01 00 0 21 .01 200 337
2022 1 18 5 01 00 0 21 .01 200 337
2022 1 18 6 01 00 0 21 .01 200 337
2022 1 18 7 01 00 0 21 .01 200 337
2022 1 18 8 01 00 0 21 .01 200 337
2022 1 18 9 01 00 0 21 .01 200 337
2022 1 18 10 01 00 0 21 .01 200 337
2022 1 18 11 01 00 0 21 .01 200 337
2022 1 18 12 01 00 0 21 .01 200 337
2022 1 18 13 01 00 0 21 .01 200 337
2022 1 18 14 01 00 0 21 .01 200 337
2022 1 18 15 01 00 0 21 .01 200 337
2022 1 18 16 01 00 0 21 .01 200 337
2022 1 18 17 01 00 0 21 .01 200 337
2022 1 18 18 01 00 0 21 .01 200 337
2022 1 18 19 01 00 0 21 .01 200 337
2022 1 18 20 01 00 0 21 .01 200 337
2022 1 18 21 01 00 0 21 .01 200 337
2022 1 18 22 01 00 0 21 .01 200 337
2022 1 18 23 01 00 0 21 .01 200 337
2022 1 19 0 01 00 0 21 .01 200 337
2022 1 19 1 01 00 0 21 .01 200 337
2022 1 19 2 01 00 0 21 .01 200 337
2022 1 19 3 01 00 0 21 .01 200 337
2022 1 19 4 01 00 0 21 .01 200 337
2022 1 19 5 01 00 0 21 .01 200 337
2022 1 19 6 01 00 0 21 .01 200 337
2022 1 19 7 01 00 0 21 .01 200 337
2022 1 19 8 01 00 0 21 .01 200 337
2022 1 19 9 01 00 0 21 .01 200 337
2022 1 19 10 01 00 0 21 .01 200 337
2022 1 19 11 01 00 0 21 .01 200 337
2022 1 19 12 01 00 0 21 .01 200 337
2022 1 19 13 01 00 0 21 .01 200 337
2022 1 19 14 01 00 0 21 .01 200 337
2022 1 19 15 01 00 0 21 .01 200 337
2022 1 19 16 01 00 0 21 .01 200 337
2022 1 19 17 01 00 0 21 .01 200 337
2022 1 19 18 01 00 0 21 .01 200 337
2022 1 19 19 01 00 0 21 .01 200 337
2022 1 19 20 01 00 0 21 .01 200 337
2022 1 19 21 01 00 0 21 .01 200 337
2022 1 19 22 01 00 0 21 .01 200 337
2022 1 19 23 01 00 0 21 .01 200 337
2022 1 20 0 01 00 0 21 .01 200 337
2022 1 20 1 01 00 0 21 .01 200 337
2022 1 20 2 01 00 0 21 .01 200 337
2022 1 20 3 01 00 0 21 .01 200 337
2022 1 20 4 01 00 0 21 .01 200 337
2022 1 20 5 01 00 0 21 .01 200 337
2022 1 20 6 01 00 0 21 .01 200 337
2022 1 20 7 01 00 0 21 .01 200 337
2022 1 20 8 01 00 0 21 .01 200 337
2022 1 20 9 01 00 0 21 .01 200 337
2022 1 20 10 01 00 0 21 .01 200 337
2022 1 20 11 01 00 0 21 .01 200 337
2022 1 20 12 01 00 0 21 .01 200 337
2022 1 20 13 01 00 0 21 .01 200 337
2022 1 20 14 01 00 0 21 .01 200 337
2022 1 20 15 01 00 0 21 .01 200 337
2022 1 20 16 01 00 0 21 .01 200 337
2022 1 20 17 01 00 0 21 .01 200 337
2022 1 20 18 01 00 0 21 .01 200 337
2022 1 20 19 01 00 0 21 .01 200 337
2022 1 20 20 01 00 0 21 .01 200 337
2022 1 20 21 01 00 0 21 .01 200 337
2022 1 20 22 01 00 0 21 .01 200 337
2022 1 20 23 01 00 0 21 .01 200 337
2022 1 21 0 01 00 0 21 .01 200 337
2022 1 21 1 01 00 0 21 .01 200 337
2022 1 21 2 01 00 0 21 .01 200 337
2022 1 21 3 01 00 0 21 .01 200 337
2022 1 21 4 01 00 0 21 .01 200 337
2022 1 21 5 01 00 0 21 .01 200 337
2022 1 21 6 01 00 0 21 .01 200 337
2022 1 21 7 01 00 0 21 .01 200 337
2022 1 21 8 01 00 0 21 .01 200 337
2022 1 21 9 01 00 0 21 .01 200 337
2022 1 21 10 01 00 0 21 .01 200 337
2022 1 21 11 01 00 0 21 .01 200 337
2022 1 21 12 01 00 0 21 .01 200 337
2022 1 21 13 01 00 0 21 .01 200 337
2022 1 21 14 01 00 0 21 .01 200 337
2022 1 21 15 01 00 0 21 .01 200 337
2022 1 21 16 01 00 0 21 .01 200 337
2022 1 21 17 01 00 0 21 .01 200 337
2022 1 21 18 01 00 0 21 .01 200 337
2022 1 21 19 01 00 0 21 .01 200 337
2022 1 21 20 01 00 0 21 .01 200 337
2022 1 21 21 01 00 0 21 .01 200 337
2022 1 21 22 01 00 0 21 .01 200 337
2022 1 21 23 01 00 0 21 .01 200 337
2022 1 22 0 01 00 0 21 .9 200 337
2022 1 22 1 01 00 0 21 .9 200 338
2022 1 22 2 01 00 0 21 .9 200 339
2022 1 22 3 01 00 0 21 .9 200 340
2022 1 22 4 01 00 0 21 .9 200 341
2022 1 22 5 01 00 0 21 .9 200 342
2022 1 22 6 01 00 0 21 .9 200 343
2022 1 22 7 01 00 0 21 .9 200 344
2022 1 22 8 01 00 0 21 .9 200 345
2022 1 22 9 01 00 0 21 .9 200 346
2022 1 22 10 01 00 0 21 .9 200 347
2022 1 22 11 01 00 0 21 .9 200 348
2022 1 22 12 01 00 0 21 .9 200 349
2022 1 22 13 01 00 0 21 .9 200 350
2022 1 22 14 01 00 0 21 .9 200 351
2022 1 22 15 01 00 0 21 .9 200 352
2022 1 22 16 01 00 0 21 .9 200 353
2022 1 22 17 01 00 0 21 .9 200 354
2022 1 22 18 01 00 0 21 .9 200 355
2022 1 22 19 01 00 0 21 .9 200 356
2022 1 22 20 01 00 0 21 .9 200 357
2022 1 22 21 01 00 0 21 .9 200 358
2022 1 22 22 01 00 0 21 .9 200 359
2022 1 22 23 01 00 0 21 .9 200 360
2022 1 23 0 01 00 0 21 .9 200 361
2022 1 23 1 01 00 0 21 .9 200 362
2022 1 23 2 01 00 0 21 .9 200 363
2022 1 23 3 01 00 0 21 .9 200 364
2022 1 23 4 01 00 0 21 .9 200 365
2022 1 23 5 01 00 0 21 .9 200 366
2022 1 23 6 01 00 0 21 .9 200 367
2022 1 23 7 01 00 0 21 .9 200 368
2022 1 23 8 01 00 0 21 .9 200 369
2022 1 23 9 01 00 0 21 .9 200 370
2022 1 23 10 01 00 0 21 .9 200 371
2022 1 23 11 01 00 0 21 .9 200 372
2022 1 23 12 01 00 0 21 .9 200 373
2022 1 23 13 01 00 0 21 .9 200 374
2022 1 23 14 01 00 0 21 .9 200 375
2022 1 23 15 01 00 0 21 .9 200 376
2022 1 23 16 01 00 0 21 .9 200 377
2022 1 23 17 01 00 0 21 .9 200 378
2022 1 23 18 01 00 0 21 .9 200 379
2022 1 23 19 01 00 0 21 .9 200 380
2022 1 23 20 01 00 0 21 .9 200 381
2022 1 23 21 01 00 0 21 .9 200 382
2022 1 23 22 01 00 0 21 .9 200 383
2022 1 23 23 01 00 0 21 .9 200 384
2022 1 24 0 01 00 0 21 .9 200 385
2022 1 24 1 01 00 0 21 .9 200 386
2022 1 24 2 01 00 0 21 .9 200 387
2022 1 24 3 01 00 0 21 .9 200 388
2022 1 24 4 01 00 0 21 .9 200 389
2022 1 24 5 01 00 0 21 .9 200 390
2022 1 24 6 01 00 0 21 .9 200 391
2022 1 24 7 01 00 0 21 .9 200 392
2022 1 24 8 01 00 0 21 .9 200 393
2022 1 24 9 01 00 0 21 .9 200 394
2022 1 24 10 01 00 0 21 .9 200 395
2022 1 24 11 01 00 0 21 .9 200 396
2022 1 24 12 01 00 0 21 .9 200 397
2022 1 24 13 01 00 0 21 .9 200 398
2022 1 24 14 01 00 0 21 .9 200 399
2022 1 24 15 01 00 0 21 .9 200 400
2022 1 24 16 01 00 0 21 .9 200 401
2022 1 24 17 01 00 0 21 .9 200 402
2022 1 24 18 01 00 0 21 .9 200 403
2022 1 24 19 01 00 0 21 .9 200 404
2022 1 24 20 01 00 0 21 .9 200 405
2022 1 24 21 01 00 0 21 .9 200 406
2022 1 24 22 01 00 0 21 .9 200 407
2022 1 24 23 01 00 0 21 .9 200 408
2022 1 25 0 01 00 0 21 .9 200 409
2022 1 25 1 01 00 0 21 .9 200 410
2022 1 25 2 01 00 0 21 .9 200 411
2022 1 25 3 01 00 0 21 .9 200 412
2022 1 25 4 01 00 0 21 .9 200 413
2022 1 25 5 01 00 0 21 .9 200 414
2022 1 25 6 01 00 0 21 .9 200 415
2022 1 25 7 01 00 0 21 .9 200 416
2022 1 25 8 01 00 0 21 .9 200 417
2022 1 25 9 01 00 0 21 .9 200 418
2022 1 25 10 01 00 0 21 .9 200 419
2022 1 25 11 01 00 0 21 .9 200 420
2022 1 25 12 01 00 0 21 .9 200 421
2022 1 25 13 01 00 0 21 .9 200 422
2022 1 25 14 01 00 0 21 .9 200 423
2022 1 25 15 01 00 0 21 .9 200 424
2022 1 25 16 01 00 0 21 .9 200 425
2022 1 25 17 01 00 0 21 .9 200 426
2022 1 25 18 01 00 0 21 .9 200 427
2022 1 25 19 01 00 0 21 .9 200 428
2022 1 25 20 01 00 0 21 .9 200 429
2022 1 25 21 01 00 0 21 .9 200 430
2022 1 25 22 01 00 0 21 .9 200 431
2022 1 25 23 01 00 0 21 .9 200 432
2022 1 26 0 01 00 0 21 .9 200 433
2022 1 26 1 01 00 0 21 .9 200 434
2022 1 26 2 01 00 0 21 .9 200 435
2022 1 26 3 01 00 0 21 .9 200 436
2022 1 26 4 01 00 0 21 .9 200 437
2022 1 26 5 01 00 0 21 .9 200 438
2022 1 26 6 01 00 0 21 .9 200 439
2022 1 26 7 01 00 0 21 .9 200 440
2022 1 26 8 01 00 0 21 .9 200 441
2022 1 26 9 01 00 0 21 .9 200 442
2022 1 26 10 01 00 0 21 .9 200 443
2022 1 26 11 01 00 0 21 .9 200 444
2022 1 26 12 01 00 0 21 .9 200 445
2022 1 26 13 01 00 0 21 .9 200 446
2022 1 26 14 01 00 0 21 .9 200 447
2022 1 26 15 01 00 0 21 .9 200 448
2022 1 26 16 01 00 0 21 .9 200 449
2022 1 26 17 01 00 0 21 .9 200 450
2022 1 26 18 01 00 0 21 .9 200 451
2022 1 26 19 01 00 0 21 .9 200 452
2022 1 26 20 01 00 0 21 .9 200 453
2022 1 26 21 01 00 0 21 .9 200 454
2022 1 26 22 01 00 0 21 .9 200 455
2022 1 26 23 01 00 0 21 .9 200 456
2022 1 27 0 01 00 0 21 .9 200 457
2022 1 27 1 01 00 0 21 .9 200 458
2022 1 27 2 01 00 0 21 .9 200 459
2022 1 27 3 01 00 0 21 .9 200 460
2022 1 27 4 01 00 0 21 .9 200 461
2022 1 27 5 01 00 0 21 .9 200 462
2022 1 27 6 01 00 0 21 .9 200 463
2022 1 27 7 01 00 0 21 .9 200 464
2022 1 27 8 01 00 0 21 .9 200 465
2022 1 27 9 01 00 0 21 .9 200 466
2022 1 27 10 01 00 0 21 .9 200 467
2022 1 27 11 01 00 0 21 .9 200 468
2022 1 27 12 01 00 0 21 .9 200 469
2022 1 27 13 01 00 0 21 .9 200 470
2022 1 27 14 01 00 0 21 .9 200 471
2022 1 27 15 01 00 0 21 .9 200 472
2022 1 27 16 01 00 0 21 .9 200 473
2022 1 27 17 01 00 0 21 .9 200 474
2022 1 27 18 01 00 0 21 .9 200 475
2022 1 27 19 01 00 0 21 .9 200 476
2022 1 27 20 01 00 0 21 .9 200 477
2022 1 27 21 01 00 0 21 .9 200 478
2022 1 27 22 01 00 0 21 .9 200 479
2022 1 27 23 01 00 0 21 .9 200 480
2022 1 28 0 01 00 0 21 .9 200 481
2022 1 28 1 01 00 0 21 .9 200 482
2022 1 28 2 01 00 0 21 .9 200 483
2022 1 28 3 01 00 0 21 .9 200 484
2022 1 28 4 01 00 0 21 .9 200 485
2022 1 28 5 01 00 0 21 .9 200 486
2022 1 28 6 01 00 0 21 .9 200 487
2022 1 28 7 01 00 0 21 .9 200 488
2022 1 28 8 01 00 0 21 .9 200 489
2022 1 28 9 01 00 0 21 .9 200 490
2022 1 28 10 01 00 0 21 .9 200 491
2022 1 28 11 01 00 0 21 .9 200 492
2022 1 28 12 01 00 0 21 .9 200 493
2022 1 28 13 01 00 0 21 .9 200 494
2022 1 28 14 01 00 0 21 .9 200 495
2022 1 28 15 01 00 0 21 .9 200 496
2022 1 28 16 01 00 0 21 .9 200 497
2022 1 28 17 01 00 0 21 .9 200 498
2022 1 28 18 01 00 0 21 .9 200 499
2022 1 28 19 01 00 0 21 .9 200 500
2022 1 28 20 01 00 0 21 .9 200 501
2022 1 28 21 01 00 0 21 .9 200 502
2022 1 28 22 01 00 0 21 .9 200 503
2022 1 28 23 01 00 0 21 .9 200 504
2022 1 29 0 01 00 0 21 .9 200 505
2022 1 29 1 01 00 0 21 .9 200 506
2022 1 29 2 01 00 0 21 .9 200 507
2022 1 29 3 01 00 0 21 .9 200 508
2022 1 29 4 01 00 0 21 .9 200 509
2022 1 29 5 01 00 0 21 .9 200 510
2022 1 29 6 01 00 0 21 .9 200 511
2022 1 29 7 01 00 0 21 .9 200 512
2022 1 29 8 01 00 0 21 .9 200 513
2022 1 29 9 01 00 0 21 .9 200 514
2022 1 29 10 01 00 0 21 .9 200 515
2022 1 29 11 01 00 0 21 .9 200 516
2022 1 29 12 01 00 0 21 .9 200 517
2022 1 29 13 01 00 0 21 .9 200 518
2022 1 29 14 01 00 0 21 .9 200 519
2022 1 29 15 01 00 0 21 .9 200 520
2022 1 29 16 01 00 0 21 .9 200 521
2022 1 29 17 01 00 0 21 .9 200 522
2022 1 29 18 01 00 0 21 .9 200 523
2022 1 29 19 01 00 0 21 .9 200 524
2022 1 29 20 01 00 0 21 .9 200 525
2022 1 29 21 01 00 0 21 .9 200 526
2022 1 29 22 01 00 0 21 .9 200 527
2022 1 29 23 01 00 0 21 .9 200 528
2022 1 30 0 01 00 0 21 .9 200 529
2022 1 30 1 01 00 0 21 .9 200 530
2022 1 30 2 01 00 0 21 .9 200 531
2022 1 30 3 01 00 0 21 .9 200 532
2022 1 30 4 01 00 0 21 .9 200 533
2022 1 30 5 01 00 0 21 .9 200 534
2022 1 30 6 01 00 0 21 .9 200 535
2022 1 30 7 01 00 0 21 .9 200 536
2022 1 30 8 01 00 0 21 .9 200 537
2022 1 30 9 01 00 0 21 .9 200 538
2022 1 30 10 01 00 0 21 .9 200 539
2022 1 30 11 01 00 0 21 .9 200 540
2022 1 30 12 01 00 0 21 .9 200 541
2022 1 30 13 01 00 0 21 .9 200 542
2022 1 30 14 01 00 0 21 .9 200 543
2022 1 30 15 01 00 0 21 .9 200 544
2022 1 30 16 01 00 0 21 .9 200 545
2022 1 30 17 01 00 0 21 .9 200 546
2022 1 30 18 01 00 0 21 .9 200 547
2022 1 30 19 01 00 0 21 .9 200 548
2022 1 30 20 01 00 0 21 .9 200 549
2022 1 30 21 01 00 0 21 .9 200 550
2022 1 30 22 01 00 0 21 .9 200 551
2022 1 30 23 01 00 0 21 .9 200 552
2022 2 1 0 01 00 0 21 .9 200 553
2022 2 1 1 01 00 0 21 .9 200 554
2022 2 1 2 01 00 0 21 .9 200 555
2022 2 1 3 01 00 0 21 .9 200 556
2022 2 1 4 01 00 0 21 .9 200 557
2022 2 1 5 01 00 0 21 .9 200 558
2022 2 1 6 01 00 0 21 .9 200 559
2022 2 1 7 01 00 0 21 .9 200 560
2022 2 1 8 01 00 0 21 .9 200 561
2022 2 1 9 01 00 0 21 .9 200 562
2022 2 1 10 01 00 0 21 .9 200 563
2022 2 1 11 01 00 0 21 .9 200 564
2022 2 1 12 01 00 0 21 .9 200 565
2022 2 1 13 01 00 0 21 .9 200 566
2022 2 1 14 01 00 0 21 .9 200 567
2022 2 1 15 01 00 0 21 .9 200 568
2022 2 1 16 01 00 0 21 .9 200 569
2022 2 1 17 01 00 0 21 .9 200 570
2022 2 1 18 01 00 0 21 .9 200 571
2022 2 1 19 01 00 0 21 .9 200 572
2022 2 1 20 01 00 0 21 .9 200 573
2022 2 1 21 01 00 0 21 .9 200 574
2022 2 1 22 01 00 0 21 .9 200 575
2022 2 1 23 01 00 0 21 .9 200 576
2022 2 2 0 01 00 0 21 .9 200 577
2022 2 2 1 01 00 0 21 .9 200 578
2022 2 2 2 01 00 0 21 .9 200 579
2022 2 2 3 01 00 0 21 .9 200 580
2022 2 2 4 01 00 0 21 .9 200 581
2022 2 2 5 01 00 0 21 .9 200 582
2022 2 2 6 01 00 0 21 .9 200 583
2022 2 2 7 01 00 0 21 .9 200 584
2022 2 2 8 01 00 0 21 .9 200 585
2022 2 2 9 01 00 0 21 .9 200 586
2022 2 2 10 01 00 0 21 .9 200 587
2022 2 2 11 01 00 0 21 .9 200 588
2022 2 2 12 01 00 0 21 .9 200 589
2022 2 2 13 01 00 0 21 .9 200 590
2022 2 2 14 01 00 0 21 .9 200 591
2022 2 2 15 01 00 0 21 .9 200 592
2022 2 2 16 01 00 0 21 .9 200 593
2022 2 2 17 01 00 0 21 .9 200 594
2022 2 2 18 01 00 0 21 .9 200 595
2022 2 2 19 01 00 0 21 .9 200 596
2022 2 2 20 01 00 0 21 .9 200 597
2022 2 2 21 01 00 0 21 .9 200 598
2022 2 2 22 01 00 0 21 .9 200 599
2022 2 2 23 01 00 0 21 .9 200 600
2022 2 3 0 01 00 0 21 .9 200 601
2022 2 3 1 01 00 0 21 .9 200 602
2022 2 3 2 01 00 0 21 .9 200 603
2022 2 3 3 01 00 0 21 .9 200 604
2022 2 3 4 01 00 0 21 .9 200 605
2022 2 3 5 01 00 0 21 .9 200 606
2022 2 3 6 01 00 0 21 .9 200 607
2022 2 3 7 01 00 0 21 .9 200 608
2022 2 3 8 01 00 0 21 .9 200 609
2022 2 3 9 01 00 0 21 .9 200 610
2022 2 3 10 01 00 0 21 .9 200 611
2022 2 3 11 01 00 0 21 .9 200 612
2022 2 3 12 01 00 0 21 .9 200 613
2022 2 3 13 01 00 0 21 .9 200 614
2022 2 3 14 01 00 0 21 .9 200 615
2022 2 3 15 01 00 0 21 .9 200 616
2022 2 3 16 01 00 0 21 .9 200 617
2022 2 3 17 01 00 0 21 .9 200 618
2022 2 3 18 01 00 0 21 .9 200 619
2022 2 3 19 01 00 0 21 .9 200 620
2022 2 3 20 01 00 0 21 .9 200 621
2022 2 3 21 01 00 0 21 .9 200 622
2022 2 3 22 01 00 0 21 .9 200 623
2022 2 3 23 01 00 0 21 .9 200 624
2022 2 4 0 01 00 0 21 .9 200 625
2022 2 4 1 01 00 0 21 .9 200 626
2022 2 4 2 01 00 0 21 .9 200 627
2022 2 4 3 01 00 0 21 .9 200 628
2022 2 4 4 01 00 0 21 .9 200 629
2022 2 4 5 01 00 0 21 .9 200 630
2022 2 4 6 01 00 0 21 .9 200 631
2022 2 4 7 01 00 0 21 .9 200 632
2022 2 4 8 01 00 0 21 .9 200 633
2022 2 4 9 01 00 0 21 .9 200 634
2022 2 4 10 01 00 0 21 .9 200 635
2022 2 4 11 01 00 0 21 .9 200 636
2022 2 4 12 01 00 0 21 .9 200 637
2022 2 4 13 01 00 0 21 .9 200 638
2022 2 4 14 01 00 0 21 .9 200 639
2022 2 4 15 01 00 0 21 .9 200 640
2022 2 4 16 01 00 0 21 .9 200 641
2022 2 4 17 01 00 0 21 .9 200 642
2022 2 4 18 01 00 0 21 .9 200 643
2022 2 4 19 01 00 0 21 .9 200 644
2022 2 4 20 01 00 0 21 .9 200 645
2022 2 4 21 01 00 0 21 .9 200 646
2022 2 4 22 01 00 0 21 .9 200 647
2022 2 4 23 01 00 0 21 .9 200 648
2022 2 5 0 01 00 0 21 .9 200 649
2022 2 5 1 01 00 0 21 .9 200 650
2022 2 5 2 01 00 0 21 .9 200 651
2022 2 5 3 01 00 0 21 .9 200 652
2022 2 5 4 01 00 0 21 .9 200 653
2022 2 5 5 01 00 0 21 .9 200 654
2022 2 5 6 01 00 0 21 .9 200 655
2022 2 5 7 01 00 0 21 .9 200 656
2022 2 5 8 01 00 0 21 .9 200 657
2022 2 5 9 01 00 0 21 .9 200 658
2022 2 5 10 01 00 0 21 .9 200 659
2022 2 5 11 01 00 0 21 .9 200 660
2022 2 5 12 01 00 0 21 .9 200 661
2022 2 5 13 01 00 0 21 .9 200 662
2022 2 5 14 01 00 0 21 .9 200 663
2022 2 5 15 01 00 0 21 .9 200 664
2022 2 5 16 01 00 0 21 .9 200 665
2022 2 5 17 01 00 0 21 .9 200 666
2022 2 5 18 01 00 0 21 .9 200 667
2022 2 5 19 01 00 0 21 .9 200 668
2022 2 5 20 01 00 0 21 .9 200 669
2022 2 5 21 01 00 0 21 .9 200 670
2022 2 5 22 01 00 0 21 .9 200 671
2022 2 5 23 01 00 0 21 .9 200 672
